1249732170
1249732200
3393567215
1249733143
167783736
1249708652
2915187544
1249708633
3114495883
1211399467
2915187564
3393565714
3627731713
2915187545
3114495351
1249708636
167787564
3393567212
1759370558
2915187532
3393567217
167774332
167782193
1249732171
225117234
400000810
3105216672
167783254
3393566988
225117234
301814731
3232235777
3232235521
96753026
2915187515
3627736449
3393565714
3111686621
3393566991
3114495383
167781195
3627736449
167783740
1844203949
167798008
3627736449
167782102
1788788301